(0, 1728, 1117, 0, 0)
('scroll', 1729132780.078506, 1254.71875, 727.3828125, 0, -3)
('scroll', 1729132780.094329, 1254.71875, 727.3828125, 0, -4)
('scroll', 1729132780.112885, 1254.71875, 727.3828125, 0, -3)
('scroll', 1729132780.1170912, 1254.71875, 727.3828125, 0, -1)
('scroll', 1729132780.1292129, 1254.71875, 727.3828125, 0, -2)
('scroll', 1729132780.133454, 1254.71875, 727.3828125, 0, -1)
('scroll', 1729132780.146063, 1254.71875, 727.3828125, 0, -2)
('scroll', 1729132780.150922, 1254.71875, 727.3828125, 0, -1)
('scroll', 1729132780.1632562, 1254.71875, 727.3828125, 0, -1)
('scroll', 1729132780.166359, 1254.71875, 727.3828125, 0, -1)
('scroll', 1729132780.178328, 1254.71875, 727.3828125, 0, -1)
('scroll', 1729132780.1831071, 1254.71875, 727.3828125, 0, -1)
('scroll', 1729132780.195424, 1254.71875, 727.3828125, 0, -1)
('scroll', 1729132780.199873, 1254.71875, 727.3828125, 0, -1)
('scroll', 1729132780.21094, 1254.71875, 727.3828125, 0, -1)
('scroll', 1729132780.216678, 1254.71875, 727.3828125, 0, -1)
('scroll', 1729132780.2294981, 1254.71875, 727.3828125, 0, -1)
('scroll', 1729132780.23353, 1254.71875, 727.3828125, 0, 0)
('scroll', 1729132780.247675, 1254.71875, 727.3828125, 0, -1)
('scroll', 1729132780.250159, 1254.71875, 727.3828125, 0, 0)
('scroll', 1729132780.2612422, 1254.71875, 727.3828125, 0, 0)
('scroll', 1729132780.266654, 1254.71875, 727.3828125, 0, 0)
('scroll', 1729132780.277442, 1254.71875, 727.3828125, -1, 0)
('scroll', 1729132780.283385, 1254.71875, 727.3828125, 0, 0)
('scroll', 1729132780.2951858, 1254.71875, 727.3828125, 0, 0)
('scroll', 1729132780.2994392, 1254.71875, 727.3828125, 0, 0)
('scroll', 1729132780.312756, 1254.71875, 727.3828125, 0, 0)
('scroll', 1729132780.316758, 1254.71875, 727.3828125, 0, 0)
('scroll', 1729132780.346286, 1254.71875, 727.3828125, 0, 0)
('move', 1729132780.5018592, 1254.484375, 726.6875)
('move', 1729132780.5096269, 1249.7421875, 720.16796875)
('move', 1729132780.518219, 1244.15625, 713.33984375)
('move', 1729132780.526647, 1238.76171875, 703.8984375)
('move', 1729132780.534465, 1232.671875, 694.42578125)
('move', 1729132780.5426078, 1225.34375, 682.703125)
('move', 1729132780.550543, 1219.0, 672.1328125)
('move', 1729132780.5586848, 1205.58203125, 651.046875)
('move', 1729132780.5666602, 1200.16796875, 641.57421875)
('move', 1729132780.574962, 1188.80859375, 624.1015625)
('move', 1729132780.582792, 1179.8203125, 608.57421875)
('move', 1729132780.590894, 1176.6015625, 603.20703125)
('move', 1729132780.6007612, 1169.2734375, 592.21484375)
('move', 1729132780.607109, 1163.18359375, 582.7421875)
('move', 1729132780.6168041, 1158.21875, 575.296875)
('move', 1729132780.623179, 1153.25390625, 567.8515625)
('move', 1729132780.6331232, 1149.10546875, 561.33203125)
('move', 1729132780.639488, 1145.15234375, 555.6875)
('move', 1729132780.6476328, 1141.00390625, 549.16796875)
('move', 1729132780.655773, 1138.1796875, 542.95703125)
('move', 1729132780.6638331, 1134.9609375, 537.58984375)
('move', 1729132780.671968, 1133.03515625, 533.26171875)
('move', 1729132780.6800482, 1131.92578125, 531.4140625)
('move', 1729132780.688357, 1130.6484375, 528.4375)
('move', 1729132780.6963599, 1129.45703125, 526.0546875)
('move', 1729132780.7043788, 1128.71484375, 524.20703125)
('move', 1729132780.712415, 1128.03125, 522.83984375)
('move', 1729132780.723197, 1127.71484375, 521.8984375)
('move', 1729132780.728693, 1127.42578125, 521.32421875)
('move', 1729132780.7368279, 1127.1640625, 521.0625)
('move', 1729132780.744887, 1127.1640625, 520.80078125)
('move', 1729132780.757761, 1127.1640625, 520.5390625)
('move', 1729132780.782503, 1127.1640625, 520.296875)
('click', 1729132781.012773, 1127.1640625, 520.296875, 'left', True)
('click', 1729132781.11078, 1127.1640625, 520.296875, 'left', False)
('move', 1729132814.5517828, 1126.703125, 520.296875)
('move', 1729132814.558458, 1124.3203125, 520.296875)
('move', 1729132814.564597, 1120.6953125, 519.84375)
('move', 1729132814.5725582, 1114.79296875, 519.3046875)
('move', 1729132814.580524, 1099.01171875, 517.7265625)
('move', 1729132814.589365, 1080.4140625, 516.03515625)
('move', 1729132814.596428, 1040.10546875, 511.29296875)
('move', 1729132814.604728, 1001.921875, 505.5078125)
('move', 1729132814.612679, 952.53515625, 495.109375)
('move', 1729132814.621481, 899.6171875, 480.18359375)
('move', 1729132814.629378, 843.05078125, 461.796875)
('move', 1729132814.6380658, 789.01953125, 441.015625)
('move', 1729132814.645418, 736.37109375, 418.84765625)
('move', 1729132814.654285, 714.98046875, 408.6171875)
('move', 1729132814.664413, 673.9765625, 389.9765625)
('move', 1729132814.669184, 637.2265625, 373.37890625)
('move', 1729132814.6778922, 626.18359375, 367.85546875)
('move', 1729132814.68684, 603.18359375, 357.3125)
('move', 1729132814.6941152, 596.97265625, 354.48828125)
('move', 1729132814.701955, 592.39453125, 351.9453125)
('move', 1729132814.923292, 592.16015625, 351.9453125)
('move', 1729132814.929148, 587.83203125, 351.9453125)
('move', 1729132814.936905, 582.74609375, 351.43359375)
('move', 1729132814.945009, 575.97265625, 350.3046875)
('move', 1729132814.952968, 569.19921875, 348.609375)
('move', 1729132814.961162, 561.49609375, 346.23828125)
('move', 1729132814.969323, 552.80859375, 343.1328125)
('move', 1729132814.9772851, 532.06640625, 336.8203125)
('move', 1729132814.9859252, 506.4140625, 327.9375)
('move', 1729132814.993624, 479.0078125, 319.81640625)
('move', 1729132815.001487, 447.92578125, 309.09765625)
('move', 1729132815.009824, 416.84375, 299.44921875)
('move', 1729132815.017962, 381.859375, 289.2890625)
('move', 1729132815.0275772, 350.77734375, 278.5703125)
('move', 1729132815.033955, 317.7734375, 269.76953125)
('move', 1729132815.042685, 305.79296875, 266.94921875)
('move', 1729132815.050299, 282.5390625, 262.296875)
('move', 1729132815.058374, 274.8359375, 261.109375)
('move', 1729132815.06778, 260.37890625, 258.82421875)
('move', 1729132815.0745459, 248.3984375, 256.70703125)
('move', 1729132815.0833569, 244.7734375, 256.25390625)
('move', 1729132815.09091, 238.01953125, 255.125)
('move', 1729132815.10009, 233.69140625, 254.16015625)
('move', 1729132815.107887, 230.06640625, 253.70703125)
('move', 1729132815.116916, 226.44140625, 252.34765625)
('move', 1729132815.285158, 226.20703125, 252.34765625)
('move', 1729132815.293696, 222.58203125, 251.89453125)
('move', 1729132815.301483, 217.21484375, 249.2109375)
('move', 1729132815.309623, 211.5703125, 245.2578125)
('move', 1729132815.3176398, 205.92578125, 241.3046875)
('move', 1729132815.325904, 201.09765625, 237.546875)
('move', 1729132815.3340642, 196.51953125, 234.4921875)
('move', 1729132815.34198, 192.671875, 232.0859375)
('move', 1729132815.350188, 188.82421875, 229.6796875)
('move', 1729132815.3583272, 182.34375, 224.96484375)
('move', 1729132815.366959, 180.35546875, 223.375)
('move', 1729132815.37453, 175.78125, 220.32421875)
('move', 1729132815.3829389, 168.3359375, 215.359375)
('move', 1729132815.390432, 166.85546875, 214.25)
('move', 1729132815.400245, 164.3046875, 212.546875)
('move', 1729132815.406705, 162.31640625, 210.95703125)
('move', 1729132815.4150138, 160.46875, 209.84765625)
('move', 1729132815.4236228, 157.296875, 207.58203125)
('move', 1729132815.431152, 156.35546875, 207.265625)
('move', 1729132815.4397042, 154.875, 206.15625)
('move', 1729132815.44753, 153.02734375, 205.4140625)
('move', 1729132815.4564312, 151.6640625, 204.73046875)
('move', 1729132815.463744, 150.72265625, 204.4140625)
('move', 1729132815.471749, 150.1484375, 203.83984375)
('move', 1729132815.479882, 149.20703125, 203.83984375)
('move', 1729132815.4905012, 148.9453125, 203.578125)
('move', 1729132815.4960709, 148.68359375, 203.31640625)
('move', 1729132815.5049758, 148.421875, 203.31640625)
('move', 1729132815.512985, 148.421875, 203.0546875)
('move', 1729132815.5226738, 148.16015625, 203.0546875)
('move', 1729132815.82813, 148.16015625, 202.58984375)
('click', 1729132822.8944829, 148.16015625, 202.58984375, 'left', True)
('click', 1729132823.011472, 148.16015625, 202.58984375, 'left', False)
('move', 1729132825.127053, 148.8515625, 203.51171875)
('move', 1729132825.13504, 152.60546875, 208.3359375)
('move', 1729132825.145382, 158.80859375, 214.5390625)
('move', 1729132825.151638, 166.24609375, 222.65625)
('move', 1729132825.159403, 183.4921875, 240.86328125)
('move', 1729132825.1676319, 217.27734375, 278.55078125)
('move', 1729132825.175732, 245.7265625, 308.18359375)
('move', 1729132825.183573, 280.8125, 344.5703125)
('move', 1729132825.19253, 318.80078125, 383.9140625)
('move', 1729132825.206075, 358.9765625, 424.08984375)
('move', 1729132825.207904, 397.765625, 465.6484375)
('move', 1729132825.217663, 413.09375, 480.9765625)
('move', 1729132825.22497, 425.34765625, 493.23046875)
('move', 1729132825.233846, 447.25390625, 514.09375)
('move', 1729132825.240784, 455.03125, 520.57421875)
('move', 1729132825.2502599, 469.3984375, 532.40625)
('move', 1729132825.256932, 480.38671875, 540.46484375)
('move', 1729132825.2663958, 483.5546875, 542.2734375)
('scroll', 1729132826.294313, 483.5546875, 542.2734375, 0, 0)
('scroll', 1729132826.298508, 483.5546875, 542.2734375, 0, -1)
('scroll', 1729132826.310959, 483.5546875, 542.2734375, 0, -1)
('scroll', 1729132826.318696, 483.5546875, 542.2734375, 0, 0)
('scroll', 1729132826.327764, 483.5546875, 542.2734375, 0, -1)
('scroll', 1729132826.3334908, 483.5546875, 542.2734375, 0, -1)
('scroll', 1729132826.344256, 483.5546875, 542.2734375, 0, -2)
('scroll', 1729132826.3500779, 483.5546875, 542.2734375, 0, -1)
('scroll', 1729132826.361005, 483.5546875, 542.2734375, 0, -2)
('scroll', 1729132826.3675442, 483.5546875, 542.2734375, 0, -1)
('scroll', 1729132826.377653, 483.5546875, 542.2734375, 0, -2)
('scroll', 1729132826.383863, 483.5546875, 542.2734375, 0, -1)
('scroll', 1729132826.394423, 483.5546875, 542.2734375, -1, -2)
('scroll', 1729132826.400778, 483.5546875, 542.2734375, 0, 0)
('scroll', 1729132826.41103, 483.5546875, 542.2734375, 0, -1)
('scroll', 1729132826.417162, 483.5546875, 542.2734375, 0, 0)
('scroll', 1729132826.427706, 483.5546875, 542.2734375, 0, -1)
('scroll', 1729132826.4342651, 483.5546875, 542.2734375, 0, 0)
('scroll', 1729132826.444604, 483.5546875, 542.2734375, 0, -1)
('scroll', 1729132826.45154, 483.5546875, 542.2734375, 0, 0)
('scroll', 1729132826.461399, 483.5546875, 542.2734375, 0, -1)
('scroll', 1729132826.4674518, 483.5546875, 542.2734375, 0, 0)
('scroll', 1729132826.4779441, 483.5546875, 542.2734375, 0, 0)
('scroll', 1729132826.483383, 483.5546875, 542.2734375, 0, 0)
('scroll', 1729132826.496112, 483.5546875, 542.2734375, 0, 0)
('scroll', 1729132826.5288582, 483.5546875, 542.2734375, 0, 0)
('scroll', 1729132826.550019, 483.5546875, 542.2734375, 0, 0)
('scroll', 1729132827.311719, 483.5546875, 542.2734375, 0, 0)
('scroll', 1729132827.328217, 483.5546875, 542.2734375, 0, 0)
('scroll', 1729132827.34488, 483.5546875, 542.2734375, -1, -1)
('scroll', 1729132827.351487, 483.5546875, 542.2734375, 0, -1)
('scroll', 1729132827.361088, 483.5546875, 542.2734375, 0, -1)
('scroll', 1729132827.377835, 483.5546875, 542.2734375, -1, -2)
('scroll', 1729132827.387682, 483.5546875, 542.2734375, 0, -1)
('scroll', 1729132827.394538, 483.5546875, 542.2734375, 0, -2)
('scroll', 1729132827.400257, 483.5546875, 542.2734375, 0, -1)
('scroll', 1729132827.411118, 483.5546875, 542.2734375, 0, -1)
('scroll', 1729132827.417186, 483.5546875, 542.2734375, 0, -1)
('scroll', 1729132827.427856, 483.5546875, 542.2734375, -1, -1)
('scroll', 1729132827.4340239, 483.5546875, 542.2734375, 0, 0)
('scroll', 1729132827.444291, 483.5546875, 542.2734375, 0, -1)
('scroll', 1729132827.450187, 483.5546875, 542.2734375, 0, 0)
('scroll', 1729132827.462686, 483.5546875, 542.2734375, 0, -1)
('scroll', 1729132827.467078, 483.5546875, 542.2734375, 0, 0)
('scroll', 1729132827.48223, 483.5546875, 542.2734375, 0, 0)
('scroll', 1729132827.4839869, 483.5546875, 542.2734375, 0, 0)
('scroll', 1729132827.494445, 483.5546875, 542.2734375, 0, 0)
('scroll', 1729132827.500535, 483.5546875, 542.2734375, 0, 0)
('scroll', 1729132827.51234, 483.5546875, 542.2734375, 0, -1)
('scroll', 1729132827.52782, 483.5546875, 542.2734375, -1, 0)
('scroll', 1729132827.533461, 483.5546875, 542.2734375, 0, 0)
('scroll', 1729132827.547672, 483.5546875, 542.2734375, 0, 0)
('scroll', 1729132827.5506299, 483.5546875, 542.2734375, 0, 0)
('scroll', 1729132827.561099, 483.5546875, 542.2734375, 0, 0)
('scroll', 1729132827.579836, 483.5546875, 542.2734375, 0, 0)
('move', 1729132827.955038, 483.5546875, 543.1953125)
('move', 1729132827.965468, 483.5546875, 544.1328125)
('move', 1729132827.97283, 484.234375, 545.49609375)
('move', 1729132827.981011, 484.9140625, 546.859375)
('move', 1729132827.9878771, 485.5390625, 547.796875)
('move', 1729132827.999146, 485.8515625, 548.734375)
('move', 1729132828.003962, 486.1640625, 549.671875)
('move', 1729132828.014506, 486.4453125, 550.23828125)
('move', 1729132828.023165, 486.73046875, 550.80859375)
('move', 1729132828.0281348, 487.04296875, 551.74609375)
('move', 1729132828.037877, 487.30078125, 552.00390625)
('move', 1729132828.044831, 487.5859375, 552.57421875)
('move', 1729132828.057647, 487.5859375, 552.83203125)
('move', 1729132828.0661938, 487.5859375, 553.08984375)
('move', 1729132828.068702, 487.5859375, 553.34765625)
('move', 1729132828.0773509, 487.5859375, 553.60546875)
('move', 1729132828.093042, 487.33984375, 553.60546875)
('move', 1729132828.1008158, 485.97265625, 553.60546875)
('move', 1729132828.108972, 482.34765625, 552.69921875)
('move', 1729132828.124921, 477.76953125, 550.15625)
('move', 1729132828.125448, 472.125, 546.203125)
('move', 1729132828.1334689, 465.60546875, 541.4609375)
('move', 1729132828.142234, 458.859375, 535.328125)
('move', 1729132828.149877, 450.73828125, 527.20703125)
('move', 1729132828.158128, 443.41796875, 519.22265625)
('move', 1729132828.166035, 440.36328125, 515.15234375)
('move', 1729132828.1742442, 433.87890625, 507.37109375)
('move', 1729132828.183261, 429.36328125, 501.7265625)
('move', 1729132828.190442, 424.84765625, 496.08203125)
('move', 1729132828.199966, 423.73828125, 494.234375)
('move', 1729132828.20627, 420.68359375, 490.1640625)
('move', 1729132828.216527, 418.4296875, 487.0078125)
('move', 1729132828.222966, 416.83984375, 485.01953125)
('move', 1729132828.230529, 415.73046875, 483.171875)
('move', 1729132828.238801, 414.98828125, 481.32421875)
('move', 1729132828.2467232, 414.3046875, 479.95703125)
('move', 1729132828.2551, 413.67578125, 479.015625)
('move', 1729132828.262976, 413.359375, 478.07421875)
('move', 1729132828.271115, 413.04296875, 477.1328125)
('move', 1729132828.281837, 413.04296875, 476.55859375)
('move', 1729132828.287738, 412.78125, 476.296875)
('click', 1729132828.310914, 412.78125, 476.296875, 'left', True)
('move', 1729132828.310934, 412.78125, 476.171875)
('click', 1729132828.417391, 412.78125, 476.171875, 'left', False)
('move', 1729132865.373276, 412.78125, 476.3984375)
('move', 1729132865.3834019, 415.18359375, 480.2421875)
('move', 1729132865.3897989, 419.328125, 487.34765625)
('move', 1729132865.397989, 430.1484375, 506.28125)
('move', 1729132865.409122, 458.0703125, 565.0703125)
('move', 1729132865.413675, 489.4140625, 634.03125)
('move', 1729132865.4219131, 535.3671875, 727.70703125)
('move', 1729132865.431943, 588.23046875, 831.61328125)
('move', 1729132865.4379, 649.21484375, 936.953125)
('move', 1729132865.4491782, 677.70703125, 984.4375)
('move', 1729132865.454392, 701.984375, 1019.640625)
('move', 1729132865.463273, 716.35546875, 1040.72265625)
('move', 1729132865.470135, 726.9765625, 1054.61328125)
('move', 1729132865.4792478, 732.80078125, 1063.02734375)
('move', 1729132865.487164, 759.48828125, 1102.42578125)
('move', 1729132865.6344519, 761.17578125, 1102.18359375)
('move', 1729132865.640801, 764.796875, 1100.82421875)
('move', 1729132865.6490262, 769.37109375, 1098.28125)
('move', 1729132865.657005, 773.9140625, 1095.75390625)
('move', 1729132865.6667871, 779.5546875, 1091.80078125)
('move', 1729132865.672638, 791.2734375, 1084.47265625)
('move', 1729132865.680902, 808.17578125, 1075.171875)
('move', 1729132865.688916, 829.5625, 1064.0078125)
('move', 1729132865.6971872, 854.93359375, 1050.8125)
('move', 1729132865.7051451, 885.734375, 1035.41015625)
('move', 1729132865.715318, 946.74609375, 1007.1328125)
('move', 1729132865.7215412, 964.49609375, 999.5234375)
('move', 1729132865.733025, 1001.2421875, 981.73828125)
('move', 1729132865.737626, 1035.94921875, 965.5390625)
('move', 1729132865.746227, 1048.87890625, 957.9296875)
('move', 1729132865.754255, 1070.91796875, 945.46875)
('move', 1729132865.761954, 1078.359375, 940.50390625)
('move', 1729132865.774107, 1091.2890625, 932.89453125)
('move', 1729132865.778034, 1094.45703125, 931.08203125)
('move', 1729132865.786127, 1101.8984375, 926.1171875)
('move', 1729132865.794392, 1106.47265625, 923.57421875)
('move', 1729132865.8025432, 1108.45703125, 921.984375)
('move', 1729132865.8104908, 1109.93359375, 920.50390625)
('move', 1729132865.818667, 1110.7265625, 918.12109375)
('move', 1729132866.013361, 1110.95703125, 918.12109375)
('move', 1729132866.021291, 1112.80078125, 918.859375)
('move', 1729132866.029533, 1115.34765625, 920.98046875)
('move', 1729132866.0374131, 1118.7109375, 923.86328125)
('move', 1729132866.045718, 1122.07421875, 927.2265625)
('move', 1729132866.053686, 1126.140625, 930.27734375)
('move', 1729132866.061735, 1130.71484375, 932.81640625)
('move', 1729132866.069928, 1135.796875, 934.84765625)
('move', 1729132866.0779788, 1140.87890625, 936.87890625)
('move', 1729132866.0862541, 1145.203125, 937.83984375)
('move', 1729132866.094464, 1150.28515625, 938.85546875)
('move', 1729132866.102147, 1155.3671875, 939.36328125)
('move', 1729132866.1102479, 1159.69140625, 939.84375)
('move', 1729132866.11833, 1164.015625, 939.84375)
('move', 1729132866.129632, 1168.30078125, 940.31640625)
('move', 1729132866.137331, 1169.6640625, 940.65625)
('move', 1729132866.145752, 1172.625, 941.078125)
('move', 1729132866.1507158, 1175.00390625, 941.47265625)
('move', 1729132866.159272, 1176.83984375, 941.83984375)
('move', 1729132866.167258, 1178.68359375, 941.83984375)
('move', 1729132866.174919, 1180.046875, 942.1796875)
('move', 1729132866.183126, 1180.984375, 942.4921875)
('move', 1729132866.1916852, 1181.91796875, 942.4921875)
('move', 1729132866.199612, 1183.28125, 942.4921875)
('move', 1729132866.2078238, 1184.21484375, 942.4921875)
('move', 1729132866.2166479, 1185.15234375, 942.4921875)
('move', 1729132866.224032, 1186.08984375, 942.4921875)
('move', 1729132866.233786, 1186.66015625, 942.4921875)
('move', 1729132866.241933, 1187.23046875, 942.4921875)
('move', 1729132866.2505112, 1187.80078125, 942.4921875)
('move', 1729132866.255983, 1188.05859375, 942.4921875)
('move', 1729132866.264534, 1188.31640625, 942.4921875)
('move', 1729132866.272663, 1188.57421875, 942.4921875)
('move', 1729132866.280313, 1188.83203125, 942.4921875)
('move', 1729132866.322616, 1188.83203125, 942.25390625)
('move', 1729132866.329479, 1188.2578125, 941.6796875)
('move', 1729132866.337584, 1187.31640625, 941.36328125)
('move', 1729132866.348798, 1184.93359375, 940.56640625)
('move', 1729132866.3572989, 1183.56640625, 940.22265625)
('move', 1729132866.3662982, 1181.71875, 939.48046875)
('move', 1729132866.3696692, 1179.87109375, 939.109375)
('move', 1729132866.377965, 1177.48828125, 939.109375)
('move', 1729132866.386186, 1175.10546875, 938.7109375)
('move', 1729132866.394489, 1173.26171875, 938.7109375)
('move', 1729132866.402518, 1171.89453125, 938.3671875)
('move', 1729132866.413715, 1170.9609375, 938.3671875)
('move', 1729132866.4183218, 1170.01953125, 938.05078125)
('move', 1729132866.426938, 1169.08203125, 938.05078125)
('move', 1729132866.43469, 1168.140625, 937.734375)
('move', 1729132866.442902, 1167.19921875, 937.10546875)
('move', 1729132866.450925, 1166.625, 936.81640625)
('move', 1729132866.459062, 1165.68359375, 936.1875)
('move', 1729132866.466966, 1164.7421875, 935.55859375)
('move', 1729132866.475672, 1163.71484375, 934.53125)
('move', 1729132866.483278, 1162.7734375, 934.21484375)
('move', 1729132866.494197, 1161.8359375, 933.58984375)
('move', 1729132866.499718, 1160.89453125, 932.9609375)
('move', 1729132866.507689, 1160.3203125, 932.671875)
('move', 1729132866.516366, 1159.74609375, 932.3828125)
('move', 1729132866.52367, 1159.45703125, 931.80859375)
('move', 1729132866.533528, 1159.19921875, 931.80859375)
('click', 1729132866.550345, 1159.19921875, 931.80859375, 'left', True)
('move', 1729132866.5504441, 1159.0703125, 931.6796875)
('click', 1729132866.663109, 1159.0703125, 931.6796875, 'left', False)
('scroll', 1729132868.144489, 1159.0703125, 931.6796875, 0, 0)
('scroll', 1729132868.149756, 1159.0703125, 931.6796875, 0, -1)
('scroll', 1729132868.1611829, 1159.0703125, 931.6796875, 0, -1)
('scroll', 1729132868.1683352, 1159.0703125, 931.6796875, 0, -1)
('scroll', 1729132868.177839, 1159.0703125, 931.6796875, 0, -1)
('scroll', 1729132868.183885, 1159.0703125, 931.6796875, 0, -1)
('scroll', 1729132868.196681, 1159.0703125, 931.6796875, 0, -2)
('scroll', 1729132868.2004778, 1159.0703125, 931.6796875, 0, -1)
('scroll', 1729132868.211074, 1159.0703125, 931.6796875, 1, -2)
('scroll', 1729132868.217663, 1159.0703125, 931.6796875, 0, -1)
('scroll', 1729132868.231335, 1159.0703125, 931.6796875, 0, -2)
('scroll', 1729132868.233421, 1159.0703125, 931.6796875, 0, 0)
('scroll', 1729132868.246273, 1159.0703125, 931.6796875, 0, -1)
('scroll', 1729132868.250186, 1159.0703125, 931.6796875, 0, 0)
('scroll', 1729132868.2644138, 1159.0703125, 931.6796875, 0, -1)
('scroll', 1729132868.2669818, 1159.0703125, 931.6796875, 0, 0)
('scroll', 1729132868.279835, 1159.0703125, 931.6796875, 0, -1)
('scroll', 1729132868.284037, 1159.0703125, 931.6796875, 0, 0)
('scroll', 1729132868.296939, 1159.0703125, 931.6796875, 0, -1)
('scroll', 1729132868.300289, 1159.0703125, 931.6796875, 0, 0)
('scroll', 1729132868.311049, 1159.0703125, 931.6796875, 0, 0)
('scroll', 1729132868.327789, 1159.0703125, 931.6796875, 0, 0)
('scroll', 1729132868.380476, 1159.0703125, 931.6796875, 0, 0)
('scroll', 1729132868.3833559, 1159.0703125, 931.6796875, 0, 0)
('scroll', 1729132869.196152, 1159.0703125, 931.6796875, 0, 0)
('scroll', 1729132869.212367, 1159.0703125, 931.6796875, 0, -1)
('scroll', 1729132869.229957, 1159.0703125, 931.6796875, 0, -2)
('scroll', 1729132869.2337432, 1159.0703125, 931.6796875, 0, -1)
('scroll', 1729132869.244478, 1159.0703125, 931.6796875, 0, -2)
('scroll', 1729132869.250636, 1159.0703125, 931.6796875, 0, -1)
('scroll', 1729132869.261187, 1159.0703125, 931.6796875, 0, -3)
('scroll', 1729132869.2667708, 1159.0703125, 931.6796875, 0, -1)
('scroll', 1729132869.277874, 1159.0703125, 931.6796875, 0, -2)
('scroll', 1729132869.283499, 1159.0703125, 931.6796875, 0, -1)
('scroll', 1729132869.295798, 1159.0703125, 931.6796875, 0, -2)
('scroll', 1729132869.2985, 1159.0703125, 931.6796875, 0, -1)
('scroll', 1729132869.314389, 1159.0703125, 931.6796875, 0, -1)
('scroll', 1729132869.315128, 1159.0703125, 931.6796875, 0, -1)
('scroll', 1729132869.327879, 1159.0703125, 931.6796875, 0, -1)
('scroll', 1729132869.3319318, 1159.0703125, 931.6796875, 0, 0)
('scroll', 1729132869.3485792, 1159.0703125, 931.6796875, 0, -1)
('scroll', 1729132869.348764, 1159.0703125, 931.6796875, 0, 0)
('scroll', 1729132869.3612769, 1159.0703125, 931.6796875, 0, -1)
('scroll', 1729132869.36534, 1159.0703125, 931.6796875, 0, 0)
('scroll', 1729132869.37923, 1159.0703125, 931.6796875, 0, 0)
('scroll', 1729132869.38183, 1159.0703125, 931.6796875, 0, 0)
('scroll', 1729132869.396152, 1159.0703125, 931.6796875, 0, 0)
('scroll', 1729132869.398668, 1159.0703125, 931.6796875, 0, 0)
('scroll', 1729132869.428287, 1159.0703125, 931.6796875, 0, 0)
('scroll', 1729132869.4319448, 1159.0703125, 931.6796875, 0, 0)
('scroll', 1729132869.46606, 1159.0703125, 931.6796875, 0, 0)
('scroll', 1729132869.6952288, 1159.0703125, 931.6796875, 0, 0)
('scroll', 1729132869.714428, 1159.0703125, 931.6796875, 0, -1)
('scroll', 1729132869.719873, 1159.0703125, 931.6796875, 0, 0)
('scroll', 1729132869.7278101, 1159.0703125, 931.6796875, 0, -2)
('scroll', 1729132869.735456, 1159.0703125, 931.6796875, 0, 0)
('scroll', 1729132869.744531, 1159.0703125, 931.6796875, 0, -4)
('scroll', 1729132869.750409, 1159.0703125, 931.6796875, 0, 0)
('scroll', 1729132869.764564, 1159.0703125, 931.6796875, 0, -3)
('scroll', 1729132869.7666728, 1159.0703125, 931.6796875, 0, 0)
('scroll', 1729132869.7830029, 1159.0703125, 931.6796875, 0, -2)
('scroll', 1729132869.786454, 1159.0703125, 931.6796875, 0, -1)
('scroll', 1729132869.797239, 1159.0703125, 931.6796875, 0, -1)
('scroll', 1729132869.800386, 1159.0703125, 931.6796875, 0, -1)
('scroll', 1729132869.811211, 1159.0703125, 931.6796875, 0, -1)
('scroll', 1729132869.828474, 1159.0703125, 931.6796875, 0, -1)
('scroll', 1729132869.833636, 1159.0703125, 931.6796875, 0, 0)
('scroll', 1729132869.848326, 1159.0703125, 931.6796875, 0, 0)
('scroll', 1729132869.850102, 1159.0703125, 931.6796875, 0, 0)
('scroll', 1729132869.863637, 1159.0703125, 931.6796875, 0, 0)
('scroll', 1729132869.866704, 1159.0703125, 931.6796875, -1, 0)
('scroll', 1729132869.880497, 1159.0703125, 931.6796875, 0, 0)
('scroll', 1729132869.8838348, 1159.0703125, 931.6796875, 0, 0)
('scroll', 1729132869.894401, 1159.0703125, 931.6796875, 0, 0)
('scroll', 1729132869.899978, 1159.0703125, 931.6796875, 0, 0)
('scroll', 1729132869.9111192, 1159.0703125, 931.6796875, 0, 0)
('scroll', 1729132869.927831, 1159.0703125, 931.6796875, 0, 0)
('scroll', 1729132869.944417, 1159.0703125, 931.6796875, 0, 0)
('scroll', 1729132877.679807, 1159.0703125, 931.6796875, 0, 0)
('scroll', 1729132877.679882, 1159.0703125, 931.6796875, 0, 0)
('scroll', 1729132877.683512, 1159.0703125, 931.6796875, 0, -1)
('scroll', 1729132877.700723, 1159.0703125, 931.6796875, 0, -1)
('scroll', 1729132877.7035599, 1159.0703125, 931.6796875, 0, -1)
('scroll', 1729132877.711087, 1159.0703125, 931.6796875, 0, -1)
('scroll', 1729132877.716843, 1159.0703125, 931.6796875, 0, -1)
('scroll', 1729132877.7278001, 1159.0703125, 931.6796875, 0, -1)
('scroll', 1729132877.734365, 1159.0703125, 931.6796875, 0, -1)
('scroll', 1729132877.744464, 1159.0703125, 931.6796875, 0, -1)
('scroll', 1729132877.750151, 1159.0703125, 931.6796875, 0, -1)
('scroll', 1729132877.762413, 1159.0703125, 931.6796875, 0, -1)
('scroll', 1729132877.768058, 1159.0703125, 931.6796875, 0, -1)
('scroll', 1729132877.780555, 1159.0703125, 931.6796875, 0, -1)
('scroll', 1729132877.7835991, 1159.0703125, 931.6796875, 0, -1)
('scroll', 1729132877.794813, 1159.0703125, 931.6796875, 0, -1)
('scroll', 1729132877.8007429, 1159.0703125, 931.6796875, 0, 0)
('scroll', 1729132877.811124, 1159.0703125, 931.6796875, 0, -1)
('scroll', 1729132877.817207, 1159.0703125, 931.6796875, 0, 0)
('scroll', 1729132877.8278852, 1159.0703125, 931.6796875, 0, 0)
('scroll', 1729132877.8333418, 1159.0703125, 931.6796875, 0, 0)
('scroll', 1729132877.8470888, 1159.0703125, 931.6796875, 0, 0)
('scroll', 1729132877.850486, 1159.0703125, 931.6796875, 0, 0)
('scroll', 1729132877.8612711, 1159.0703125, 931.6796875, 0, 0)
('scroll', 1729132877.8738408, 1159.0703125, 931.6796875, 0, 0)
('scroll', 1729132877.8780448, 1159.0703125, 931.6796875, 0, 0)
('scroll', 1729132877.8837178, 1159.0703125, 931.6796875, 0, 0)
('scroll', 1729132877.9126499, 1159.0703125, 931.6796875, 0, 0)
('scroll', 1729132877.9177222, 1159.0703125, 931.6796875, 0, 0)
('scroll', 1729132877.9299688, 1159.0703125, 931.6796875, 0, 0)
('scroll', 1729132877.933644, 1159.0703125, 931.6796875, 0, 0)
('scroll', 1729132877.94877, 1159.0703125, 931.6796875, 0, 0)
('scroll', 1729132877.950546, 1159.0703125, 931.6796875, 0, 0)
('scroll', 1729132877.979309, 1159.0703125, 931.6796875, 0, 0)
('move', 1729132878.922706, 1157.453125, 931.6796875)
('move', 1729132878.9289489, 1153.1328125, 929.7578125)
('move', 1729132878.936575, 1147.23046875, 927.609375)
('move', 1729132878.9450529, 1140.12109375, 923.4609375)
('move', 1729132878.956364, 1131.04296875, 918.921875)
('move', 1729132878.961251, 1120.05078125, 911.59375)
('move', 1729132878.974932, 1107.875, 903.22265625)
('move', 1729132878.9779751, 1086.16796875, 887.43359375)
('move', 1729132878.98507, 1069.5703125, 876.07421875)
('move', 1729132878.993091, 1051.53515625, 863.44921875)
('move', 1729132879.001408, 1032.93359375, 849.49609375)
('move', 1729132879.009542, 1013.40234375, 836.47265625)
('move', 1729132879.017898, 992.31640625, 823.0546875)
('move', 1729132879.02559, 971.23046875, 809.63671875)
('move', 1729132879.034243, 960.66015625, 804.0)
('move', 1729132879.04192, 941.72265625, 793.17578125)
('move', 1729132879.050796, 924.81640625, 784.72265625)
('move', 1729132879.058625, 909.2890625, 777.3671875)
('move', 1729132879.066915, 902.515625, 775.109375)
('move', 1729132879.076021, 890.16796875, 770.75)
('move', 1729132879.0837178, 880.01953125, 766.6875)
('move', 1729132879.091267, 872.31640625, 764.31640625)
('move', 1729132879.100269, 869.93359375, 763.51953125)
('move', 1729132879.1081212, 864.84765625, 761.484375)
('move', 1729132879.116812, 860.51953125, 760.51953125)
('move', 1729132879.1236212, 858.13671875, 759.72265625)
('move', 1729132879.131711, 856.2890625, 758.984375)
('move', 1729132879.140314, 853.1171875, 757.171875)
('move', 1729132881.084171, 852.8828125, 757.171875)
('move', 1729132881.09241, 851.94140625, 756.54296875)
('move', 1729132881.10016, 850.09375, 755.43359375)
('move', 1729132881.108383, 846.921875, 753.16796875)
('move', 1729132881.116731, 841.83984375, 748.65234375)
('move', 1729132881.124562, 836.7578125, 744.13671875)
('move', 1729132881.135561, 830.55078125, 737.9296875)
('move', 1729132881.1410902, 824.375, 731.13671875)
('move', 1729132881.150366, 816.93359375, 723.015625)
('move', 1729132881.157252, 809.1796875, 713.85546875)
('move', 1729132881.166803, 800.38671875, 703.59765625)
('move', 1729132881.17331, 796.64453125, 698.78515625)
('move', 1729132881.181113, 784.80859375, 684.4140625)
('move', 1729132881.189337, 781.24609375, 680.34375)
('move', 1729132881.1974862, 774.76171875, 672.5625)
('move', 1729132881.205539, 769.17578125, 665.734375)
('move', 1729132881.215633, 763.84375, 659.80859375)
('move', 1729132881.221803, 757.63671875, 653.6015625)
('move', 1729132881.2299252, 752.3046875, 647.67578125)
('move', 1729132881.240903, 747.30078125, 643.2265625)
('move', 1729132881.246342, 743.0078125, 638.93359375)
('move', 1729132881.254692, 738.71484375, 634.640625)
('move', 1729132881.262719, 734.4375, 630.36328125)
('move', 1729132881.270816, 730.14453125, 626.0703125)
('move', 1729132881.2828329, 725.8515625, 621.77734375)
('move', 1729132881.286695, 721.55859375, 617.484375)
('move', 1729132881.295001, 714.42578125, 610.3515625)
('move', 1729132881.3027809, 711.5390625, 606.984375)
('move', 1729132881.311122, 706.45703125, 602.46875)
('move', 1729132881.31919, 701.375, 597.953125)
('move', 1729132881.3271391, 696.29296875, 593.4375)
('move', 1729132881.336113, 691.46484375, 589.6796875)
('move', 1729132881.3434072, 686.63671875, 585.921875)
('move', 1729132881.351281, 682.05859375, 582.8671875)
('move', 1729132881.3597991, 677.55078125, 579.859375)
('move', 1729132881.3677142, 672.97265625, 577.31640625)
('move', 1729132881.376102, 668.39453125, 574.7734375)
('move', 1729132881.383822, 663.30859375, 573.24609375)
('move', 1729132881.392261, 658.2265625, 571.71875)
('move', 1729132881.400171, 653.140625, 570.69921875)
('move', 1729132881.408651, 648.0546875, 569.6796875)
('move', 1729132881.416794, 642.96875, 569.6796875)
('move', 1729132881.424896, 638.640625, 569.1953125)
('move', 1729132881.43388, 633.5546875, 569.1953125)
('move', 1729132881.441209, 629.2265625, 569.1953125)
('move', 1729132881.448837, 626.84375, 569.1953125)
('move', 1729132881.456921, 620.0703125, 569.1953125)
('move', 1729132881.467051, 618.22265625, 569.1953125)
('move', 1729132881.4730701, 613.13671875, 569.1953125)
('move', 1729132881.482199, 611.2890625, 569.1953125)
('move', 1729132881.489335, 608.90625, 569.58984375)
('move', 1729132881.497498, 606.5234375, 569.58984375)
('move', 1729132881.5055099, 604.67578125, 569.95703125)
('move', 1729132881.51374, 602.828125, 570.32421875)
('move', 1729132881.521866, 600.98046875, 570.32421875)
('move', 1729132881.529778, 599.1328125, 570.69140625)
('move', 1729132881.539275, 597.765625, 571.03125)
('move', 1729132881.5459352, 596.3984375, 571.03125)
('move', 1729132881.554175, 595.03125, 571.03125)
('move', 1729132881.562542, 594.08984375, 571.34375)
('move', 1729132881.570569, 593.515625, 571.34375)
('move', 1729132881.581577, 592.94140625, 571.34375)
('move', 1729132881.586541, 592.6796875, 571.34375)
('move', 1729132881.5945559, 592.41796875, 571.34375)
('click', 1729132881.7832131, 592.41796875, 571.34375, 'left', True)
('click', 1729132881.9115798, 592.41796875, 571.34375, 'left', False)
('move', 1729132882.932259, 593.33984375, 571.34375)
('move', 1729132882.939898, 597.66015625, 571.34375)
('move', 1729132882.9479659, 606.34375, 571.34375)
('move', 1729132882.955905, 618.3203125, 572.046875)
('move', 1729132882.964153, 646.73828125, 576.10546875)
('move', 1729132882.972169, 689.22265625, 580.9609375)
('move', 1729132882.980424, 785.578125, 594.72265625)
('move', 1729132882.991841, 871.37109375, 606.26953125)
('move', 1729132882.9994528, 965.0859375, 623.30859375)
('move', 1729132883.008424, 1064.97265625, 642.58203125)
('move', 1729132883.017086, 1164.859375, 665.36328125)
('move', 1729132883.023298, 1206.1328125, 678.71484375)
('move', 1729132883.0316741, 1286.0234375, 704.80078125)
('move', 1729132883.036905, 1310.6875, 715.65234375)
('move', 1729132883.045759, 1329.03125, 724.38671875)
('move', 1729132883.0552, 1365.77734375, 742.16796875)
('move', 1729132883.061402, 1374.203125, 747.3515625)
('move', 1729132883.0711029, 1393.13671875, 758.171875)
('move', 1729132883.080247, 1396.5, 761.53515625)
('move', 1729132883.0854359, 1405.29296875, 768.296875)
('move', 1729132883.098082, 1410.37109375, 772.80859375)
('move', 1729132883.304414, 1411.546875, 772.80859375)
('move', 1729132883.315229, 1416.59375, 772.80859375)
('move', 1729132883.322946, 1424.29296875, 772.80859375)
('move', 1729132883.328771, 1435.11328125, 774.8359375)
('move', 1729132883.336711, 1447.08984375, 777.65234375)
('move', 1729132883.344773, 1470.33984375, 782.30078125)
('move', 1729132883.3528278, 1495.25390625, 788.046875)
('move', 1729132883.3610282, 1521.890625, 793.96484375)
('move', 1729132883.3691678, 1532.7109375, 797.34375)
('move', 1729132883.377344, 1541.39453125, 799.203125)
('move', 1729132883.385769, 1557.171875, 803.93359375)
('move', 1729132883.393436, 1569.1484375, 807.453125)
('move', 1729132883.40162, 1572.12109375, 808.7265625)
('move', 1729132883.409929, 1578.890625, 810.98046875)
('move', 1729132883.417983, 1583.97265625, 813.01171875)
('move', 1729132883.426244, 1591.0703125, 815.96875)
('move', 1729132883.4339252, 1593.6171875, 817.66796875)
('move', 1729132883.442067, 1596.1640625, 819.7890625)
('move', 1729132883.4500248, 1598.7109375, 821.91015625)
('move', 1729132883.458493, 1600.828125, 824.02734375)
('move', 1729132883.4666529, 1602.3046875, 825.50390625)
('move', 1729132883.474612, 1604.2890625, 827.08984375)
('move', 1729132883.483028, 1605.875, 829.07421875)
('move', 1729132883.4909382, 1606.98046875, 830.55078125)
('move', 1729132883.498917, 1608.00390625, 831.57421875)
('move', 1729132883.507067, 1608.625, 832.5078125)
('move', 1729132883.517665, 1608.91015625, 833.078125)
('move', 1729132883.523351, 1609.1953125, 833.6484375)
('move', 1729132883.5315032, 1609.453125, 833.90625)
('move', 1729132883.540433, 1609.7109375, 834.1640625)
('move', 1729132883.547852, 1609.7109375, 834.421875)
('move', 1729132883.677453, 1609.7109375, 835.12890625)
('move', 1729132883.685197, 1609.3671875, 836.4921875)
('move', 1729132883.693969, 1608.26171875, 838.328125)
('move', 1729132883.701493, 1606.44921875, 841.49609375)
('move', 1729132883.710218, 1603.2578125, 846.8125)
('move', 1729132883.717587, 1599.3046875, 852.453125)
('move', 1729132883.7263732, 1594.8671875, 857.99609375)
('move', 1729132883.735083, 1589.03125, 865.7734375)
('move', 1729132883.742183, 1582.546875, 873.55078125)
('move', 1729132883.750457, 1574.79296875, 883.4140625)
('move', 1729132883.758006, 1567.0390625, 892.5703125)
('move', 1729132883.768068, 1557.1484375, 903.98046875)
('move', 1729132883.7744288, 1547.2578125, 914.62890625)
('move', 1729132883.783657, 1537.3671875, 926.0390625)
('move', 1729132883.790581, 1527.4765625, 936.6875)
('move', 1729132883.8007948, 1519.01953125, 945.84375)
('move', 1729132883.8065531, 1509.12890625, 956.4921875)
('move', 1729132883.8164349, 1500.671875, 965.6484375)
('move', 1729132883.822945, 1497.3046875, 969.01171875)
('move', 1729132883.830931, 1490.171875, 976.140625)
('move', 1729132883.8390641, 1485.08984375, 981.21875)
('move', 1729132883.847158, 1482.96484375, 983.33984375)
('move', 1729132883.855278, 1479.59765625, 986.703125)
('move', 1729132883.864432, 1477.47265625, 989.25)
('move', 1729132883.872065, 1475.9921875, 990.35546875)
('move', 1729132883.880235, 1473.609375, 991.54296875)
('move', 1729132883.8878772, 1472.2421875, 991.54296875)
('move', 1729132884.114891, 1472.2421875, 991.30859375)
('move', 1729132884.122802, 1474.50390625, 988.13671875)
('move', 1729132884.130951, 1479.015625, 983.0546875)
('move', 1729132884.138985, 1484.9375, 977.72265625)
('move', 1729132884.148373, 1493.0546875, 969.6015625)
('move', 1729132884.1552389, 1507.90234375, 955.625)
('move', 1729132884.164365, 1526.12890625, 941.04296875)
('move', 1729132884.173991, 1547.83203125, 924.26953125)
('move', 1729132884.180137, 1572.87109375, 906.53125)
('move', 1729132884.1878982, 1598.953125, 890.87890625)
('move', 1729132884.196172, 1626.078125, 876.26953125)
('move', 1729132884.20572, 1638.53125, 871.140625)
('move', 1729132884.212182, 1662.48828125, 861.5546875)
('move', 1729132884.2201211, 1683.2265625, 853.4375)
('move', 1729132884.2285619, 1690.92578125, 851.66015625)
('move', 1729132884.23622, 1703.37890625, 847.26171875)
('move', 1729132884.244908, 1707.6171875, 846.7890625)
('move', 1729132884.252525, 1715.31640625, 844.41796875)
('move', 1729132884.260513, 1719.640625, 843.453125)
('move', 1729132884.268584, 1722.61328125, 842.6015625)
('move', 1729132884.276821, 1724.45703125, 842.6015625)
('move', 1729132884.284899, 1725.39453125, 842.28515625)
('move', 1729132884.293365, 1725.96484375, 842.28515625)
('move', 1729132884.301186, 1726.22265625, 842.28515625)
('move', 1729132884.349966, 1725.984375, 842.28515625)
('move', 1729132884.358337, 1725.4140625, 842.28515625)
('move', 1729132884.367006, 1724.83984375, 842.28515625)
('move', 1729132884.374281, 1723.8984375, 842.28515625)
('move', 1729132884.383423, 1723.32421875, 842.28515625)
('move', 1729132884.392747, 1722.75, 842.28515625)
('move', 1729132884.3982909, 1722.17578125, 842.28515625)
('move', 1729132884.406564, 1721.234375, 842.28515625)
('move', 1729132884.414646, 1720.66015625, 842.28515625)
('move', 1729132884.422629, 1720.0859375, 842.28515625)
('move', 1729132884.4307468, 1719.14453125, 842.28515625)
('move', 1729132884.440139, 1718.58203125, 842.28515625)
('move', 1729132884.446988, 1717.640625, 842.28515625)
('move', 1729132884.454885, 1716.69921875, 842.28515625)
('move', 1729132884.462972, 1716.125, 842.28515625)
('move', 1729132884.471092, 1715.55078125, 842.28515625)
('move', 1729132884.4794948, 1714.9765625, 842.28515625)
('move', 1729132884.487628, 1714.71875, 842.5390625)
('move', 1729132884.4960582, 1714.14453125, 842.5390625)
('move', 1729132884.503474, 1713.8828125, 842.796875)
('move', 1729132884.5116942, 1713.62109375, 842.796875)
('move', 1729132884.524556, 1713.359375, 843.0546875)
('move', 1729132884.528116, 1713.09765625, 843.0546875)
('move', 1729132884.535866, 1712.8359375, 843.3125)
('move', 1729132884.543929, 1712.26171875, 843.59765625)
('move', 1729132884.5520399, 1711.3203125, 843.91015625)
('move', 1729132884.56055, 1710.3828125, 844.21875)
('move', 1729132884.568344, 1709.44140625, 844.53125)
('move', 1729132884.5763981, 1708.5, 844.84375)
('move', 1729132884.584508, 1707.1328125, 845.18359375)
('move', 1729132884.59257, 1705.765625, 845.5234375)
('move', 1729132884.600756, 1704.82421875, 845.8359375)
('move', 1729132884.609132, 1703.8828125, 846.1484375)
('move', 1729132884.6169112, 1703.30859375, 846.43359375)
('move', 1729132884.6252081, 1702.734375, 846.43359375)
('move', 1729132884.6335979, 1702.16015625, 846.43359375)
('move', 1729132884.641349, 1701.5859375, 846.43359375)
('move', 1729132884.649995, 1701.01171875, 846.43359375)
('move', 1729132884.657852, 1700.75, 846.43359375)
('move', 1729132884.667116, 1700.17578125, 846.43359375)
('move', 1729132884.673766, 1699.6015625, 846.43359375)
('move', 1729132884.683187, 1699.33984375, 846.43359375)
('move', 1729132884.6899478, 1699.078125, 846.43359375)
('move', 1729132884.700104, 1698.81640625, 846.43359375)
('move', 1729132884.706035, 1698.5546875, 846.43359375)
('move', 1729132884.722384, 1698.30859375, 846.43359375)
('click', 1729132884.744546, 1698.30859375, 846.43359375, 'left', True)
('click', 1729132884.848927, 1698.30859375, 846.43359375, 'left', False)
('move', 1729132885.098166, 1697.84375, 846.43359375)
('move', 1729132885.104279, 1694.8671875, 846.43359375)
('move', 1729132885.1152608, 1689.78125, 846.43359375)
('move', 1729132885.123115, 1676.58984375, 844.234375)
('move', 1729132885.128222, 1662.1328125, 839.66796875)
('move', 1729132885.1358259, 1642.9140625, 832.6796875)
('move', 1729132885.1442602, 1620.58984375, 824.30859375)
('move', 1729132885.151828, 1594.9375, 814.44140625)
('move', 1729132885.160522, 1566.765625, 801.91796875)
('move', 1729132885.168027, 1536.7578125, 789.0546875)
('move', 1729132885.1766331, 1524.49609375, 783.28515625)
('move', 1729132885.1885152, 1501.49609375, 772.7421875)
('move', 1729132885.192829, 1493.54296875, 769.0703125)
('move', 1729132885.200587, 1478.55078125, 762.7578125)
('move', 1729132885.208986, 1473.46484375, 761.23046875)
('move', 1729132885.217015, 1464.38671875, 757.33984375)
('move', 1729132885.224983, 1457.61328125, 755.08203125)
('move', 1729132885.233949, 1453.28515625, 753.63671875)
('move', 1729132885.241557, 1449.71875, 752.7421875)
('move', 1729132885.250081, 1444.6328125, 751.72265625)
('move', 1729132885.257555, 1442.25, 751.32421875)
('scroll', 1729132942.4284968, 1442.25, 751.32421875, 1, 0)
('scroll', 1729132942.428527, 1442.25, 751.32421875, 1, 0)
('scroll', 1729132942.435293, 1442.25, 751.32421875, 0, 0)
('scroll', 1729132942.447244, 1442.25, 751.32421875, 5, 1)
('scroll', 1729132942.463719, 1442.25, 751.32421875, 0, 0)
('scroll', 1729132942.476088, 1442.25, 751.32421875, 18, 1)
('scroll', 1729132942.478148, 1442.25, 751.32421875, 0, 0)
('scroll', 1729132942.485302, 1442.25, 751.32421875, 10, 0)
('scroll', 1729132942.490935, 1442.25, 751.32421875, 10, 0)
('scroll', 1729132942.500363, 1442.25, 751.32421875, 10, 0)
('scroll', 1729132942.5076969, 1442.25, 751.32421875, 9, 0)
('scroll', 1729132942.5190258, 1442.25, 751.32421875, 9, 0)
('scroll', 1729132942.5244029, 1442.25, 751.32421875, 9, 0)
('scroll', 1729132942.5337741, 1442.25, 751.32421875, 8, 0)
('scroll', 1729132942.541158, 1442.25, 751.32421875, 8, 0)
('scroll', 1729132942.550603, 1442.25, 751.32421875, 7, 0)
('scroll', 1729132942.55685, 1442.25, 751.32421875, 7, 0)
('scroll', 1729132942.566571, 1442.25, 751.32421875, 7, 0)
('scroll', 1729132942.574356, 1442.25, 751.32421875, 7, 0)
('scroll', 1729132942.583337, 1442.25, 751.32421875, 7, 0)
('scroll', 1729132942.590223, 1442.25, 751.32421875, 7, 0)
('scroll', 1729132942.601423, 1442.25, 751.32421875, 6, 0)
('scroll', 1729132942.607688, 1442.25, 751.32421875, 6, 0)
('scroll', 1729132942.61675, 1442.25, 751.32421875, 6, 0)
('scroll', 1729132942.629958, 1442.25, 751.32421875, 6, 0)
('scroll', 1729132942.6413, 1442.25, 751.32421875, 6, 0)
('scroll', 1729132942.641501, 1442.25, 751.32421875, 6, 0)
('scroll', 1729132942.655723, 1442.25, 751.32421875, 6, 0)
('scroll', 1729132942.657664, 1442.25, 751.32421875, 6, 0)
('scroll', 1729132942.666603, 1442.25, 751.32421875, 6, 0)
('scroll', 1729132942.674502, 1442.25, 751.32421875, 5, 0)
('scroll', 1729132942.683483, 1442.25, 751.32421875, 5, 0)
('scroll', 1729132942.6970959, 1442.25, 751.32421875, 5, 0)
('scroll', 1729132942.700156, 1442.25, 751.32421875, 5, 0)
('scroll', 1729132942.707798, 1442.25, 751.32421875, 5, 0)
('scroll', 1729132942.7174, 1442.25, 751.32421875, 5, 0)
('scroll', 1729132942.7242508, 1442.25, 751.32421875, 5, 0)
('scroll', 1729132942.733709, 1442.25, 751.32421875, 5, 0)
('scroll', 1729132942.740627, 1442.25, 751.32421875, 4, 0)
('scroll', 1729132942.7520041, 1442.25, 751.32421875, 4, 0)
('scroll', 1729132942.75713, 1442.25, 751.32421875, 4, 0)
('scroll', 1729132942.772564, 1442.25, 751.32421875, 4, 0)
('scroll', 1729132942.7739022, 1442.25, 751.32421875, 4, 0)
('scroll', 1729132942.7846131, 1442.25, 751.32421875, 4, 0)
('scroll', 1729132942.791368, 1442.25, 751.32421875, 4, 0)
('scroll', 1729132942.8015869, 1442.25, 751.32421875, 4, 0)
('scroll', 1729132942.807908, 1442.25, 751.32421875, 4, 0)
('scroll', 1729132942.81668, 1442.25, 751.32421875, 3, 0)
('scroll', 1729132942.824438, 1442.25, 751.32421875, 3, 0)
('scroll', 1729132942.8334038, 1442.25, 751.32421875, 3, 0)
('scroll', 1729132942.841034, 1442.25, 751.32421875, 3, 0)
('scroll', 1729132942.8515708, 1442.25, 751.32421875, 3, 0)
('scroll', 1729132942.857743, 1442.25, 751.32421875, 3, 0)
('scroll', 1729132942.867079, 1442.25, 751.32421875, 3, 0)
('scroll', 1729132942.8742568, 1442.25, 751.32421875, 3, 0)
('scroll', 1729132942.8830988, 1442.25, 751.32421875, 3, 0)
('scroll', 1729132942.890736, 1442.25, 751.32421875, 2, 0)
('scroll', 1729132942.898885, 1442.25, 751.32421875, 2, 0)
('scroll', 1729132942.907818, 1442.25, 751.32421875, 2, 0)
('scroll', 1729132942.917133, 1442.25, 751.32421875, 2, 0)
('scroll', 1729132942.924272, 1442.25, 751.32421875, 2, 0)
('scroll', 1729132942.9326239, 1442.25, 751.32421875, 2, 0)
('scroll', 1729132942.9410381, 1442.25, 751.32421875, 2, 0)
('scroll', 1729132942.949336, 1442.25, 751.32421875, 2, 0)
('scroll', 1729132942.9571671, 1442.25, 751.32421875, 2, 0)
('scroll', 1729132942.966026, 1442.25, 751.32421875, 2, 0)
('scroll', 1729132942.9742239, 1442.25, 751.32421875, 2, 0)
('scroll', 1729132942.982659, 1442.25, 751.32421875, 1, 0)
('scroll', 1729132942.9909399, 1442.25, 751.32421875, 1, 0)
('scroll', 1729132942.998919, 1442.25, 751.32421875, 1, 0)
('scroll', 1729132943.007711, 1442.25, 751.32421875, 1, 0)
('scroll', 1729132943.015868, 1442.25, 751.32421875, 1, 0)
('scroll', 1729132943.023807, 1442.25, 751.32421875, 1, 0)
('scroll', 1729132943.03283, 1442.25, 751.32421875, 1, 0)
('scroll', 1729132943.04111, 1442.25, 751.32421875, 1, 0)
('scroll', 1729132943.0493891, 1442.25, 751.32421875, 1, 0)
('scroll', 1729132943.05689, 1442.25, 751.32421875, 1, 0)
('scroll', 1729132943.0661418, 1442.25, 751.32421875, 1, 0)
('scroll', 1729132943.074244, 1442.25, 751.32421875, 1, 0)
('scroll', 1729132943.082716, 1442.25, 751.32421875, 1, 0)
('scroll', 1729132943.0911858, 1442.25, 751.32421875, 1, 0)
('scroll', 1729132943.101135, 1442.25, 751.32421875, 1, 0)
('scroll', 1729132943.107785, 1442.25, 751.32421875, 1, 0)
('scroll', 1729132943.116364, 1442.25, 751.32421875, 1, 0)
('scroll', 1729132943.124455, 1442.25, 751.32421875, 1, 0)
('scroll', 1729132943.138099, 1442.25, 751.32421875, 1, 0)
('scroll', 1729132943.1410189, 1442.25, 751.32421875, 1, 0)
('scroll', 1729132943.157196, 1442.25, 751.32421875, 1, 0)
('scroll', 1729132943.157423, 1442.25, 751.32421875, 1, 0)
('scroll', 1729132943.168501, 1442.25, 751.32421875, 0, 0)
('scroll', 1729132943.174603, 1442.25, 751.32421875, 0, 0)
('scroll', 1729132943.185143, 1442.25, 751.32421875, 1, 0)
('scroll', 1729132943.191207, 1442.25, 751.32421875, 0, 0)
('scroll', 1729132943.200494, 1442.25, 751.32421875, 0, 0)
('scroll', 1729132943.207181, 1442.25, 751.32421875, 0, 0)
('scroll', 1729132943.2218409, 1442.25, 751.32421875, 2, 0)
('scroll', 1729132943.2243571, 1442.25, 751.32421875, 0, 0)
('scroll', 1729132943.233653, 1442.25, 751.32421875, 0, 0)
('scroll', 1729132943.24127, 1442.25, 751.32421875, 0, 0)
('scroll', 1729132943.251876, 1442.25, 751.32421875, 1, 0)
('scroll', 1729132943.257888, 1442.25, 751.32421875, 0, 0)
('scroll', 1729132943.267892, 1442.25, 751.32421875, 0, 0)
('scroll', 1729132943.276669, 1442.25, 751.32421875, 0, 0)
('scroll', 1729132943.283982, 1442.25, 751.32421875, 1, 0)
('scroll', 1729132943.290519, 1442.25, 751.32421875, 0, 0)
('scroll', 1729132943.298935, 1442.25, 751.32421875, 0, 0)
('scroll', 1729132943.307988, 1442.25, 751.32421875, 0, 0)
('scroll', 1729132943.3185961, 1442.25, 751.32421875, 0, 0)
('scroll', 1729132943.3245509, 1442.25, 751.32421875, 1, 0)
('scroll', 1729132943.334062, 1442.25, 751.32421875, 0, 0)
('scroll', 1729132943.340673, 1442.25, 751.32421875, 0, 0)
('scroll', 1729132943.3534951, 1442.25, 751.32421875, 0, 0)
('scroll', 1729132943.357942, 1442.25, 751.32421875, 0, 0)
('scroll', 1729132943.368513, 1442.25, 751.32421875, 1, 0)
('scroll', 1729132943.3745012, 1442.25, 751.32421875, 0, 0)
('scroll', 1729132943.382671, 1442.25, 751.32421875, 0, 0)
('scroll', 1729132943.391233, 1442.25, 751.32421875, 0, 0)
('scroll', 1729132943.3993149, 1442.25, 751.32421875, 0, 0)
('scroll', 1729132943.407789, 1442.25, 751.32421875, 0, 0)
('scroll', 1729132943.41614, 1442.25, 751.32421875, 1, 0)
('scroll', 1729132943.424052, 1442.25, 751.32421875, 0, 0)
('scroll', 1729132943.432835, 1442.25, 751.32421875, 0, 0)
('scroll', 1729132943.441055, 1442.25, 751.32421875, 0, 0)
('scroll', 1729132943.448722, 1442.25, 751.32421875, 0, 0)
('scroll', 1729132943.457906, 1442.25, 751.32421875, 0, 0)
('scroll', 1729132943.4662201, 1442.25, 751.32421875, 0, 0)
('scroll', 1729132943.477335, 1442.25, 751.32421875, 0, 0)
('scroll', 1729132943.4828968, 1442.25, 751.32421875, 1, 0)
('scroll', 1729132943.492364, 1442.25, 751.32421875, 0, 0)
('scroll', 1729132943.508838, 1442.25, 751.32421875, 0, 0)
('scroll', 1729132943.525721, 1442.25, 751.32421875, 0, 0)
('scroll', 1729132943.54221, 1442.25, 751.32421875, 0, 0)
('scroll', 1729132943.5588238, 1442.25, 751.32421875, 0, 0)
('scroll', 1729132943.5764768, 1442.25, 751.32421875, 0, 0)
('scroll', 1729132943.5911481, 1442.25, 751.32421875, 0, 0)
('scroll', 1729132943.610708, 1442.25, 751.32421875, 1, 0)
('scroll', 1729132943.625512, 1442.25, 751.32421875, 0, 0)
('scroll', 1729132943.6424398, 1442.25, 751.32421875, 0, 0)
('scroll', 1729132943.65888, 1442.25, 751.32421875, 0, 0)
('scroll', 1729132943.68271, 1442.25, 751.32421875, 0, 0)
('scroll', 1729132943.709214, 1442.25, 751.32421875, 0, 0)
('scroll', 1729132943.742527, 1442.25, 751.32421875, 0, 0)
('scroll', 1729132943.775823, 1442.25, 751.32421875, 0, 0)
('scroll', 1729132943.842964, 1442.25, 751.32421875, 0, 0)
('scroll', 1729132943.843006, 1442.25, 751.32421875, 0, 0)
('move', 1729132944.501604, 1441.7890625, 751.32421875)
('move', 1729132944.506526, 1438.8125, 750.8984375)
('move', 1729132944.514861, 1433.7265625, 749.37109375)
('move', 1729132944.522774, 1427.82421875, 747.76171875)
('move', 1729132944.5310988, 1410.6640625, 742.85546875)
('move', 1729132944.541465, 1394.8828125, 738.91015625)
('move', 1729132944.5466518, 1386.1953125, 737.046875)
('move', 1729132944.554535, 1369.03515625, 733.77734375)
('move', 1729132944.563232, 1351.875, 729.69140625)
('move', 1729132944.573341, 1336.09375, 727.32421875)
('move', 1729132944.5790248, 1321.63671875, 724.27734375)
('move', 1729132944.5872178, 1315.734375, 723.73828125)
('move', 1729132944.597578, 1303.75390625, 722.328125)
('move', 1729132944.6045408, 1295.06640625, 721.0859375)
('move', 1729132944.615488, 1291.44140625, 721.0859375)
('move', 1729132944.6194592, 1285.5390625, 720.546875)
('move', 1729132944.627734, 1280.453125, 720.03515625)
('move', 1729132944.635668, 1273.6796875, 719.46875)
('move', 1729132944.644059, 1270.703125, 718.6171875)
('move', 1729132944.9359848, 1270.703125, 718.3828125)
('scroll', 1729132944.978058, 1270.703125, 718.3828125, 0, 0)
('scroll', 1729132944.978074, 1270.703125, 718.3828125, 0, -1)
('scroll', 1729132944.983221, 1270.703125, 718.3828125, 0, 0)
('scroll', 1729132944.994612, 1270.703125, 718.3828125, 0, -1)
('scroll', 1729132945.0005481, 1270.703125, 718.3828125, 0, 0)
('scroll', 1729132945.0112991, 1270.703125, 718.3828125, 0, -2)
('scroll', 1729132945.018761, 1270.703125, 718.3828125, 0, 0)
('scroll', 1729132945.0279522, 1270.703125, 718.3828125, 0, -2)
('scroll', 1729132945.034229, 1270.703125, 718.3828125, 0, 0)
('scroll', 1729132945.044822, 1270.703125, 718.3828125, 0, -2)
('scroll', 1729132945.050634, 1270.703125, 718.3828125, 0, 0)
('scroll', 1729132945.061255, 1270.703125, 718.3828125, 0, -1)
('scroll', 1729132945.066807, 1270.703125, 718.3828125, 0, 0)
('scroll', 1729132945.077962, 1270.703125, 718.3828125, 0, -1)
('scroll', 1729132945.084194, 1270.703125, 718.3828125, 0, 0)
('scroll', 1729132945.094711, 1270.703125, 718.3828125, 0, -1)
('scroll', 1729132945.1113431, 1270.703125, 718.3828125, 0, -1)
('scroll', 1729132945.128055, 1270.703125, 718.3828125, 0, 0)
('scroll', 1729132945.134618, 1270.703125, 718.3828125, 0, 0)
('scroll', 1729132945.1446981, 1270.703125, 718.3828125, 0, 0)
('scroll', 1729132945.167177, 1270.703125, 718.3828125, 0, 0)
('scroll', 1729132945.179733, 1270.703125, 718.3828125, 0, 0)
('scroll', 1729132945.183983, 1270.703125, 718.3828125, 0, 0)
('scroll', 1729132945.196913, 1270.703125, 718.3828125, 0, 0)
('scroll', 1729132945.2004428, 1270.703125, 718.3828125, 0, 0)
('scroll', 1729132945.2128692, 1270.703125, 718.3828125, 0, 0)
('scroll', 1729132945.215461, 1270.703125, 718.3828125, 0, 0)
('scroll', 1729132953.9011729, 1270.703125, 718.3828125, 0, 0)
('scroll', 1729132953.932152, 1270.703125, 718.3828125, 0, 0)
('scroll', 1729132953.932189, 1270.703125, 718.3828125, 0, 0)
('scroll', 1729132953.933384, 1270.703125, 718.3828125, 0, -1)
('scroll', 1729132953.9448519, 1270.703125, 718.3828125, 0, -1)
('scroll', 1729132953.971206, 1270.703125, 718.3828125, 0, 0)
('scroll', 1729132953.981677, 1270.703125, 718.3828125, 0, -5)
('scroll', 1729132953.985551, 1270.703125, 718.3828125, 0, 0)
('scroll', 1729132953.996895, 1270.703125, 718.3828125, 0, -5)
('scroll', 1729132954.0058491, 1270.703125, 718.3828125, 0, -1)
('scroll', 1729132954.012337, 1270.703125, 718.3828125, 0, -4)
('scroll', 1729132954.0299342, 1270.703125, 718.3828125, 0, -4)
('scroll', 1729132954.0336041, 1270.703125, 718.3828125, 0, -1)
('scroll', 1729132954.046083, 1270.703125, 718.3828125, 0, -2)
('scroll', 1729132954.050389, 1270.703125, 718.3828125, 0, -1)
('scroll', 1729132954.063895, 1270.703125, 718.3828125, 0, -1)
('scroll', 1729132954.0678558, 1270.703125, 718.3828125, 0, -1)
('scroll', 1729132954.079287, 1270.703125, 718.3828125, 0, -1)
('scroll', 1729132954.0835872, 1270.703125, 718.3828125, 0, -1)
('scroll', 1729132954.097206, 1270.703125, 718.3828125, 0, -1)
('scroll', 1729132954.1001651, 1270.703125, 718.3828125, 0, 0)
('scroll', 1729132954.1113548, 1270.703125, 718.3828125, 0, -1)
('scroll', 1729132954.116784, 1270.703125, 718.3828125, 0, 0)
('scroll', 1729132954.128492, 1270.703125, 718.3828125, 0, 0)
('scroll', 1729132954.133603, 1270.703125, 718.3828125, 0, 0)
('scroll', 1729132954.1447868, 1270.703125, 718.3828125, 0, 0)
('scroll', 1729132954.1507578, 1270.703125, 718.3828125, 0, 0)
('scroll', 1729132954.162035, 1270.703125, 718.3828125, 0, 0)
('scroll', 1729132954.166841, 1270.703125, 718.3828125, 0, 0)
('scroll', 1729132954.181288, 1270.703125, 718.3828125, 0, -1)
('scroll', 1729132954.183188, 1270.703125, 718.3828125, 0, 0)
('scroll', 1729132954.247072, 1270.703125, 718.3828125, 0, 0)
('move', 1729132955.676599, 1269.546875, 718.3828125)
('move', 1729132955.684062, 1266.5703125, 717.53125)
('move', 1729132955.692417, 1263.3984375, 715.265625)
('move', 1729132955.70297, 1258.8203125, 712.2109375)
('move', 1729132955.707683, 1243.6015625, 701.21875)
('move', 1729132955.71562, 1215.38671875, 678.64453125)
('move', 1729132955.7234292, 1191.80859375, 656.13671875)
('move', 1729132955.73134, 1160.24609375, 627.0)
('move', 1729132955.739617, 1142.57421875, 611.1875)
('move', 1729132955.747648, 1108.58203125, 584.48046875)
('move', 1729132955.755716, 1076.57421875, 559.5859375)
('move', 1729132955.764195, 1045.5078125, 537.72265625)
('move', 1729132955.772181, 1016.90234375, 519.01953125)
('move', 1729132955.780235, 1006.33203125, 513.3828125)
('move', 1729132955.789376, 982.65234375, 500.5546875)
('move', 1729132955.7973409, 961.26171875, 489.390625)
('move', 1729132955.804855, 939.87109375, 479.16015625)
('move', 1729132955.812775, 921.5234375, 470.421875)
('move', 1729132955.8234901, 903.17578125, 460.8125)
('move', 1729132955.828939, 886.26953125, 451.51171875)
('move', 1729132955.837905, 870.7421875, 442.5234375)
('move', 1729132955.8450618, 864.53125, 439.13671875)
('move', 1729132955.853656, 852.80859375, 431.80859375)
('move', 1729132955.861335, 843.3359375, 425.71875)
('move', 1729132955.8725262, 835.890625, 420.75390625)
('move', 1729132955.877642, 829.37890625, 416.609375)
('move', 1729132955.885751, 827.390625, 415.01953125)
('move', 1729132955.8936052, 822.8125, 411.96484375)
('move', 1729132955.901977, 819.640625, 409.69921875)
('move', 1729132955.910284, 816.46875, 407.43359375)
('move', 1729132955.91798, 814.48046875, 405.84375)
('move', 1729132955.926075, 812.6328125, 404.734375)
('move', 1729132955.9343302, 811.15234375, 403.625)
('move', 1729132955.944874, 809.78515625, 402.94140625)
('move', 1729132955.9503229, 809.2109375, 402.3671875)
('move', 1729132955.9586592, 808.63671875, 402.078125)
('move', 1729132955.966789, 808.375, 401.81640625)
('move', 1729132955.9752052, 808.11328125, 401.81640625)
('move', 1729132955.982792, 807.8515625, 401.5546875)
('move', 1729132955.990939, 807.58984375, 401.5546875)
('move', 1729132956.0108428, 807.58984375, 401.30859375)
('move', 1729132956.031594, 807.58984375, 401.06640625)
('move', 1729132956.039558, 807.58984375, 400.8046875)
('move', 1729132956.056829, 807.58984375, 400.55859375)
('move', 1729132956.063775, 807.58984375, 400.296875)
('move', 1729132956.072469, 809.43359375, 399.5546875)
('move', 1729132956.080384, 811.27734375, 398.8125)
('move', 1729132956.088137, 813.65625, 397.62109375)
('move', 1729132956.099547, 817.2265625, 396.28125)
('move', 1729132956.104404, 821.55078125, 394.8359375)
('move', 1729132956.1167302, 826.6328125, 393.30859375)
('move', 1729132956.124244, 832.53125, 391.69921875)
('move', 1729132956.129241, 837.56640625, 390.69140625)
('move', 1729132956.1369789, 842.6484375, 389.671875)
('move', 1729132956.147577, 845.02734375, 389.671875)
('move', 1729132956.152964, 849.3515625, 389.1875)
('move', 1729132956.161272, 852.32421875, 388.76171875)
('move', 1729132956.169247, 854.703125, 388.76171875)
('move', 1729132956.1833751, 857.08203125, 388.76171875)
('move', 1729132956.185059, 858.4453125, 388.76171875)
('move', 1729132956.193271, 859.80859375, 388.76171875)
('move', 1729132956.201667, 860.37890625, 388.76171875)
('move', 1729132956.2096992, 860.94921875, 388.76171875)
('move', 1729132956.217731, 861.51953125, 388.76171875)
('move', 1729132956.2257888, 861.77734375, 388.76171875)
('move', 1729132956.2337658, 862.03515625, 388.76171875)
('move', 1729132956.2419798, 862.29296875, 388.76171875)
('move', 1729132956.250412, 862.55078125, 388.76171875)
('click', 1729132956.394794, 862.55078125, 388.76171875, 'left', True)
('click', 1729132956.465794, 862.55078125, 388.76171875, 'left', False)
('move', 1729132962.193425, 862.77734375, 388.76171875)
('move', 1729132962.2004852, 867.859375, 388.76171875)
('move', 1729132962.209098, 874.58203125, 388.76171875)
('move', 1729132962.216958, 883.265625, 388.76171875)
('move', 1729132962.224853, 895.2421875, 388.0546875)
('move', 1729132962.233164, 911.01953125, 387.265625)
('move', 1729132962.2413921, 929.61328125, 387.265625)
('move', 1729132962.2503612, 967.79296875, 386.10546875)
('move', 1729132962.2574039, 1012.51953125, 384.859375)
('move', 1729132962.264887, 1059.54296875, 382.31640625)
('move', 1729132962.2734962, 1081.18359375, 380.51171875)
('move', 1729132962.283322, 1125.91015625, 376.78125)
('move', 1729132962.289152, 1170.63671875, 373.05078125)
('move', 1729132962.2972941, 1213.12109375, 369.40625)
('move', 1729132962.305467, 1255.60546875, 364.546875)
('move', 1729132962.3137112, 1298.08984375, 359.6875)
('move', 1729132962.3232489, 1340.57421875, 354.828125)
('move', 1729132962.329674, 1380.87890625, 352.45703125)
('move', 1729132962.3382359, 1419.05859375, 351.296875)
('move', 1729132962.346091, 1453.16015625, 351.296875)
('move', 1729132962.3575501, 1466.34765625, 351.296875)
('move', 1729132962.362627, 1491.26171875, 351.296875)
('move', 1729132962.370817, 1498.03125, 351.296875)
('move', 1729132962.3819442, 1512.484375, 354.33984375)
('move', 1729132962.388271, 1516.10546875, 355.6953125)
('move', 1729132962.396439, 1523.8046875, 358.0625)
('move', 1729132962.405015, 1528.86328125, 359.578125)
('move', 1729132962.410796, 1531.8359375, 360.8515625)
('move', 1729132962.420597, 1533.6796875, 361.95703125)
('move', 1729132962.428771, 1534.6171875, 362.58203125)
('move', 1729132962.435241, 1535.1875, 363.15234375)
('move', 1729132962.443247, 1535.4453125, 363.41015625)
('move', 1729132962.451267, 1535.73046875, 363.98046875)
('move', 1729132962.4653518, 1536.04296875, 364.91796875)
('move', 1729132962.46844, 1536.72265625, 366.28125)
('move', 1729132962.475648, 1537.4609375, 368.125)
('move', 1729132962.483636, 1538.19921875, 369.96875)
('move', 1729132962.4916108, 1539.47265625, 372.94140625)
('move', 1729132962.499767, 1540.15234375, 374.3046875)
('move', 1729132962.507914, 1540.9453125, 376.68359375)
('move', 1729132962.516011, 1541.68359375, 378.52734375)
('move', 1729132962.524492, 1542.4140625, 380.35546875)
('move', 1729132962.5322921, 1542.78125, 382.19921875)
('move', 1729132962.5404532, 1543.12109375, 383.5625)
('move', 1729132962.548954, 1543.54296875, 386.53515625)
('move', 1729132962.5568068, 1543.54296875, 388.37890625)
('move', 1729132962.565505, 1543.54296875, 391.33984375)
('move', 1729132962.5728698, 1543.54296875, 395.6640625)
('move', 1729132962.580697, 1543.54296875, 404.34765625)
('move', 1729132962.5891058, 1542.30078125, 413.03125)
('move', 1729132962.59727, 1540.26953125, 423.8515625)
('move', 1729132962.605201, 1538.32421875, 433.57421875)
('move', 1729132962.613662, 1537.3046875, 438.65625)
('move', 1729132962.6230452, 1534.8203125, 447.33984375)
('move', 1729132962.6294541, 1533.9140625, 450.9609375)
('move', 1729132962.6377869, 1532.3046875, 456.859375)
('move', 1729132962.6459148, 1530.859375, 461.18359375)
('move', 1729132962.6538858, 1529.58203125, 464.15625)
('move', 1729132962.661909, 1528.78515625, 466.53515625)
('move', 1729132962.670217, 1528.44140625, 467.8984375)
('move', 1729132962.6819258, 1528.125, 468.8359375)
('move', 1729132962.686631, 1527.8359375, 469.40625)
('move', 1729132962.69451, 1527.8359375, 469.6640625)
('move', 1729132962.7024798, 1527.57421875, 469.921875)
('click', 1729132962.729389, 1527.57421875, 469.921875, 'left', True)
('click', 1729132962.865961, 1527.57421875, 469.921875, 'left', False)
